kmer	Q2	Q3	Q4
000000	0	1	1
000001	0	1	1
000002	0	1	1
000003	0	1	1
000010	0	0	0
000011	0	0	0
000012	0	0	0
000013	0	0	0
000020	0	1	1
000021	0	0	1
000022	0	0	1
000023	0	0	1
000030	0	0	0
000031	0	0	0
000032	0	0	0
000033	0	0	0
000100	0	1	1
000101	0	1	1
000102	0	1	1
000103	0	1	1
000110	0	1	1
000111	0	0	1
000112	0	1	1
000113	0	1	1
000120	0	1	1
000121	0	1	1
000122	0	1	1
000123	0	1	1
000130	0	1	1
000131	0	0	1
000132	0	0	1
000133	0	0	1
000200	0	1	1
000201	0	0	0
000202	0	0	1
000203	0	0	1
000210	0	0	0
000211	0	0	0
000212	0	0	0
000213	0	0	0
000220	0	0	1
000221	0	0	1
000222	0	0	1
000223	0	0	1
000230	0	0	0
000231	0	0	0
000232	0	0	0
000233	0	0	0
000300	0	0	1
000301	0	0	0
000302	0	0	1
000303	0	0	1
000310	0	0	0
000311	0	0	0
000312	0	0	0
000313	0	0	0
000320	0	0	0
000321	0	0	0
000322	0	0	0
000323	0	0	0
000330	0	0	0
000331	0	0	0
000332	0	0	0
000333	0	0	0
001000	1	2	3
001001	1	2	3
001002	1	2	3
001003	1	2	3
001010	1	2	2
001011	1	2	2
001012	1	2	2
001013	1	2	2
001020	1	2	3
001021	1	2	3
001022	1	2	3
001023	1	2	3
001030	1	2	2
001031	1	1	2
001032	1	2	2
001033	1	2	2
001100	1	2	3
001101	1	2	3
001102	1	2	3
001103	1	2	3
001110	1	2	3
001111	1	2	3
001112	1	2	3
001113	1	2	3
001120	1	2	3
001121	1	2	3
001122	1	2	3
001123	1	2	3
001130	1	2	3
001131	1	2	3
001132	1	2	3
001133	1	2	3
001200	1	2	3
001201	1	2	2
001202	1	2	3
001203	1	2	2
001210	1	2	2
001211	1	1	2
001212	1	2	2
001213	1	2	2
001220	1	2	3
001221	1	2	2
001222	1	2	3
001223	1	2	3
001230	1	2	2
001231	1	1	2
001232	1	1	2
001233	1	2	2
001300	1	2	3
001301	1	2	2
001302	1	2	2
001303	1	2	2
001310	1	1	2
001311	1	1	2
001312	1	1	2
001313	1	1	2
001320	1	2	2
001321	1	1	2
001322	1	1	2
001323	1	1	2
001330	0	1	1
001331	0	1	1
001332	0	1	1
001333	0	1	1
002000	0	0	0
002001	0	0	0
002002	0	0	0
002003	0	0	0
002010	0	0	0
002011	0	0	0
002012	0	0	0
002013	0	0	0
002020	0	0	0
002021	0	0	0
002022	0	0	0
002023	0	0	0
002030	0	0	0
002031	0	0	0
002032	0	0	0
002033	0	0	0
002100	0	1	1
002101	0	1	1
002102	0	1	1
002103	0	1	1
002110	0	0	1
002111	0	0	1
002112	0	0	1
002113	0	0	1
002120	0	1	1
002121	0	0	1
002122	0	0	1
002123	0	0	1
002130	0	0	1
002131	0	0	0
002132	0	0	1
002133	0	0	0
002200	0	0	0
002201	0	0	0
002202	0	0	0
002203	0	0	0
002210	0	0	0
002211	0	0	0
002212	0	0	0
002213	0	0	0
002220	0	0	0
002221	0	0	0
002222	0	0	0
002223	0	0	0
002230	0	0	0
002231	0	0	0
002232	0	0	0
002233	0	0	0
002300	0	0	0
002301	0	0	0
002302	0	0	0
002303	0	0	0
002310	0	0	0
002311	0	0	0
002312	0	0	0
002313	0	0	0
002320	0	0	0
002321	0	0	0
002322	0	0	0
002323	0	0	0
002330	0	0	0
002331	0	0	0
002332	0	0	0
002333	0	0	0
003000	1	2	3
003001	1	2	3
003002	1	2	3
003003	1	2	3
003010	1	2	3
003011	1	2	3
003012	1	2	3
003013	1	2	3
003020	1	2	3
003021	1	2	3
003022	1	2	3
003023	1	2	3
003030	1	2	3
003031	1	2	3
003032	1	2	3
003033	1	2	3
003100	1	2	3
003101	1	2	3
003102	1	2	3
003103	1	2	3
003110	1	2	3
003111	1	2	3
003112	1	2	3
003113	1	2	3
003120	1	2	3
003121	1	2	3
003122	1	2	3
003123	1	2	3
003130	1	2	3
003131	1	2	3
003132	1	2	3
003133	1	2	3
003200	1	2	3
003201	1	2	3
003202	1	2	3
003203	1	2	3
003210	1	2	3
003211	1	2	3
003212	1	2	3
003213	1	2	3
003220	1	2	3
003221	1	2	3
003222	1	2	3
003223	1	2	3
003230	1	2	3
003231	1	2	3
003232	1	2	3
003233	1	2	3
003300	1	2	3
003301	1	2	3
003302	1	2	3
003303	1	2	3
003310	1	2	3
003311	1	2	2
003312	1	2	3
003313	1	2	3
003320	1	2	3
003321	1	2	3
003322	1	2	3
003323	1	2	3
003330	1	1	2
003331	1	1	2
003332	1	1	2
003333	1	1	2
010000	1	1	2
010001	0	1	1
010002	1	1	2
010003	0	1	1
010010	0	0	1
010011	0	0	1
010012	0	0	1
010013	0	0	1
010020	1	1	2
010021	0	1	1
010022	0	1	1
010023	0	1	1
010030	0	0	1
010031	0	0	1
010032	0	0	1
010033	0	0	1
010100	1	1	2
010101	1	1	2
010102	1	1	2
010103	1	1	2
010110	1	1	2
010111	0	1	1
010112	1	1	2
010113	1	1	2
010120	1	1	2
010121	1	1	2
010122	1	1	2
010123	1	1	2
010130	0	1	1
010131	0	1	1
010132	0	1	1
010133	0	1	1
010200	0	1	1
010201	0	0	1
010202	0	1	1
010203	0	1	1
010210	0	0	1
010211	0	0	1
010212	0	0	1
010213	0	0	1
010220	0	1	1
010221	0	1	1
010222	0	1	1
010223	0	1	1
010230	0	0	0
010231	0	0	0
010232	0	0	0
010233	0	0	0
010300	0	1	1
010301	0	1	1
010302	0	1	1
010303	0	1	1
010310	0	0	1
010311	0	0	1
010312	0	0	1
010313	0	0	1
010320	0	1	1
010321	0	0	1
010322	0	1	1
010323	0	1	1
010330	0	0	0
010331	0	0	0
010332	0	0	0
010333	0	0	0
011000	1	2	3
011001	1	2	3
011002	1	2	3
011003	1	2	3
011010	1	1	2
011011	1	1	2
011012	1	1	2
011013	1	1	2
011020	1	2	3
011021	1	2	2
011022	1	2	3
011023	1	2	2
011030	1	1	2
011031	1	1	2
011032	1	1	2
011033	1	1	2
011100	1	2	3
011101	1	2	2
011102	1	2	3
011103	1	2	3
011110	1	2	2
011111	1	2	2
011112	1	2	2
011113	1	2	2
011120	1	2	3
011121	1	2	2
011122	1	2	3
011123	1	2	2
011130	1	2	2
011131	1	1	2
011132	1	2	2
011133	1	1	2
011200	1	2	2
011201	1	1	2
011202	1	2	2
011203	1	1	2
011210	1	1	2
011211	1	1	2
011212	1	1	2
011213	1	1	2
011220	1	2	2
011221	1	1	2
011222	1	2	2
011223	1	1	2
011230	1	1	2
011231	0	1	1
011232	1	1	2
011233	1	1	2
011300	1	2	2
011301	1	1	2
011302	1	1	2
011303	1	1	2
011310	1	1	2
011311	0	1	1
011312	1	1	2
011313	1	1	2
011320	1	1	2
011321	1	1	2
011322	1	1	2
011323	1	1	2
011330	0	1	1
011331	0	0	1
011332	0	1	1
011333	0	1	1
012000	0	1	1
012001	0	0	1
012002	0	1	1
012003	0	0	1
012010	0	0	0
012011	0	0	0
012012	0	0	0
012013	0	0	0
012020	0	1	1
012021	0	0	1
012022	0	0	1
012023	0	0	1
012030	0	0	0
012031	0	0	0
012032	0	0	0
012033	0	0	0
012100	1	1	2
012101	0	1	1
012102	0	1	1
012103	0	1	1
012110	0	1	1
012111	0	1	1
012112	0	1	1
012113	0	1	1
012120	0	1	1
012121	0	1	1
012122	0	1	1
012123	0	1	1
012130	0	1	1
012131	0	0	1
012132	0	1	1
012133	0	0	1
012200	0	1	1
012201	0	0	0
012202	0	0	1
012203	0	0	1
012210	0	0	0
012211	0	0	0
012212	0	0	0
012213	0	0	0
012220	0	1	1
012221	0	0	1
012222	0	1	1
012223	0	0	1
012230	0	0	0
012231	0	0	0
012232	0	0	0
012233	0	0	0
012300	0	0	1
012301	0	0	0
012302	0	0	1
012303	0	0	0
012310	0	0	0
012311	0	0	0
012312	0	0	0
012313	0	0	0
012320	0	0	0
012321	0	0	0
012322	0	0	0
012323	0	0	0
012330	0	0	0
012331	0	0	0
012332	0	0	0
012333	0	0	0
013000	1	2	3
013001	1	2	3
013002	1	2	3
013003	1	2	3
013010	1	2	3
013011	1	2	3
013012	1	2	3
013013	1	2	3
013020	1	2	3
013021	1	2	3
013022	1	2	3
013023	1	2	3
013030	1	2	3
013031	1	2	3
013032	1	2	3
013033	1	2	3
013100	1	2	3
013101	1	2	3
013102	1	2	3
013103	1	2	3
013110	1	2	3
013111	1	2	3
013112	1	2	3
013113	1	2	3
013120	1	2	3
013121	1	2	3
013122	1	2	3
013123	1	2	3
013130	1	2	3
013131	1	2	3
013132	1	2	3
013133	1	2	3
013200	1	2	3
013201	1	2	3
013202	1	2	3
013203	1	2	3
013210	1	2	3
013211	1	2	3
013212	1	2	3
013213	1	2	3
013220	1	2	3
013221	1	2	3
013222	1	2	3
013223	1	2	3
013230	1	2	3
013231	1	2	3
013232	1	2	3
013233	1	2	3
013300	1	2	3
013301	1	2	2
013302	1	2	3
013303	1	2	3
013310	1	2	2
013311	1	1	2
013312	1	2	2
013313	1	2	2
013320	1	2	3
013321	1	2	2
013322	1	2	3
013323	1	2	2
013330	1	1	2
013331	1	1	2
013332	1	1	2
013333	1	1	2
020000	0	0	0
020001	0	0	0
020002	0	0	0
020003	0	0	0
020010	0	0	0
020011	0	0	0
020012	0	0	0
020013	0	0	0
020020	0	0	0
020021	0	0	0
020022	0	0	0
020023	0	0	0
020030	0	0	0
020031	0	0	0
020032	0	0	0
020033	0	0	0
020100	0	1	1
020101	0	0	1
020102	0	1	1
020103	0	1	1
020110	0	0	1
020111	0	0	0
020112	0	0	1
020113	0	0	1
020120	0	0	1
020121	0	0	1
020122	0	0	1
020123	0	0	1
020130	0	0	0
020131	0	0	0
020132	0	0	0
020133	0	0	0
020200	0	0	0
020201	0	0	0
020202	0	0	0
020203	0	0	0
020210	0	0	0
020211	0	0	0
020212	0	0	0
020213	0	0	0
020220	0	0	0
020221	0	0	0
020222	0	0	0
020223	0	0	0
020230	0	0	0
020231	0	0	0
020232	0	0	0
020233	0	0	0
020300	0	0	0
020301	0	0	0
020302	0	0	0
020303	0	0	0
020310	0	0	0
020311	0	0	0
020312	0	0	0
020313	0	0	0
020320	0	0	0
020321	0	0	0
020322	0	0	0
020323	0	0	0
020330	0	0	0
020331	0	0	0
020332	0	0	0
020333	0	0	0
021000	1	2	3
021001	1	2	3
021002	1	2	3
021003	1	2	3
021010	1	1	2
021011	1	1	2
021012	1	1	2
021013	1	1	2
021020	1	2	3
021021	1	2	2
021022	1	2	3
021023	1	2	3
021030	1	1	2
021031	1	1	2
021032	1	1	2
021033	1	1	2
021100	1	2	3
021101	1	2	3
021102	1	2	3
021103	1	2	3
021110	1	2	3
021111	1	2	3
021112	1	2	3
021113	1	2	3
021120	1	2	3
021121	1	2	3
021122	1	2	3
021123	1	2	3
021130	1	2	3
021131	1	2	2
021132	1	2	3
021133	1	2	2
021200	1	2	3
021201	1	1	2
021202	1	2	2
021203	1	2	2
021210	1	1	2
021211	1	1	2
021212	1	1	2
021213	1	1	2
021220	1	2	3
021221	1	2	2
021222	1	2	2
021223	1	2	2
021230	1	1	2
021231	1	1	2
021232	1	1	2
021233	1	1	2
021300	1	2	2
021301	1	1	2
021302	1	2	2
021303	1	2	2
021310	1	1	2
021311	0	1	1
021312	1	1	2
021313	1	1	2
021320	1	1	2
021321	1	1	2
021322	1	1	2
021323	1	1	2
021330	0	1	1
021331	0	1	1
021332	0	1	1
021333	0	1	1
022000	0	0	0
022001	0	0	0
022002	0	0	0
022003	0	0	0
022010	0	0	0
022011	0	0	0
022012	0	0	0
022013	0	0	0
022020	0	0	0
022021	0	0	0
022022	0	0	0
022023	0	0	0
022030	0	0	0
022031	0	0	0
022032	0	0	0
022033	0	0	0
022100	0	0	1
022101	0	0	1
022102	0	0	1
022103	0	0	1
022110	0	0	0
022111	0	0	0
022112	0	0	0
022113	0	0	0
022120	0	0	1
022121	0	0	0
022122	0	0	1
022123	0	0	0
022130	0	0	0
022131	0	0	0
022132	0	0	0
022133	0	0	0
022200	0	0	0
022201	0	0	0
022202	0	0	0
022203	0	0	0
022210	0	0	0
022211	0	0	0
022212	0	0	0
022213	0	0	0
022220	0	0	0
022221	0	0	0
022222	0	0	0
022223	0	0	0
022230	0	0	0
022231	0	0	0
022232	0	0	0
022233	0	0	0
022300	0	0	0
022301	0	0	0
022302	0	0	0
022303	0	0	0
022310	0	0	0
022311	0	0	0
022312	0	0	0
022313	0	0	0
022320	0	0	0
022321	0	0	0
022322	0	0	0
022323	0	0	0
022330	0	0	0
022331	0	0	0
022332	0	0	0
022333	0	0	0
023000	1	2	3
023001	1	2	3
023002	1	2	3
023003	1	2	3
023010	1	2	2
023011	1	2	2
023012	1	2	2
023013	1	2	3
023020	1	2	3
023021	1	2	3
023022	1	2	3
023023	1	2	3
023030	1	2	3
023031	1	2	3
023032	1	2	3
023033	1	2	3
023100	1	2	3
023101	1	2	3
023102	1	2	3
023103	1	2	3
023110	1	2	3
023111	1	2	3
023112	1	2	3
023113	1	2	3
023120	1	2	3
023121	1	2	3
023122	1	2	3
023123	1	2	3
023130	1	2	3
023131	1	2	3
023132	1	2	3
023133	1	2	3
023200	1	2	3
023201	1	2	3
023202	1	2	3
023203	1	2	3
023210	1	2	3
023211	1	2	3
023212	1	2	3
023213	1	2	3
023220	1	2	3
023221	1	2	3
023222	1	2	3
023223	1	2	3
023230	1	2	3
023231	1	2	3
023232	1	2	3
023233	1	2	3
023300	1	2	3
023301	1	2	2
023302	1	2	3
023303	1	2	3
023310	1	1	2
023311	1	1	2
023312	1	1	2
023313	1	1	2
023320	1	2	3
023321	1	2	2
023322	1	2	3
023323	1	2	2
023330	1	1	2
023331	1	1	2
023332	1	1	2
023333	1	1	2
030000	1	1	2
030001	1	1	2
030002	1	1	2
030003	1	1	2
030010	0	1	1
030011	0	0	1
030012	0	1	1
030013	0	1	1
030020	1	1	2
030021	0	1	1
030022	1	1	2
030023	1	1	2
030030	0	1	1
030031	0	0	1
030032	0	0	1
030033	0	0	1
030100	1	1	2
030101	1	1	2
030102	1	1	2
030103	1	1	2
030110	1	1	2
030111	1	1	2
030112	1	1	2
030113	1	1	2
030120	1	1	2
030121	1	1	2
030122	1	1	2
030123	1	1	2
030130	1	1	2
030131	0	1	1
030132	0	1	1
030133	0	1	1
030200	1	1	2
030201	0	1	1
030202	0	1	1
030203	0	1	1
030210	0	1	1
030211	0	1	1
030212	0	1	1
030213	0	1	1
030220	1	1	2
030221	0	1	1
030222	0	1	1
030223	0	1	1
030230	0	1	1
030231	0	0	1
030232	0	0	1
030233	0	0	1
030300	0	1	1
030301	0	1	1
030302	0	1	1
030303	0	1	1
030310	0	1	1
030311	0	1	1
030312	0	1	1
030313	0	1	1
030320	0	1	1
030321	0	1	1
030322	0	1	1
030323	0	1	1
030330	0	0	1
030331	0	0	0
030332	0	0	0
030333	0	0	0
031000	1	2	3
031001	1	2	3
031002	1	2	3
031003	1	2	3
031010	1	2	2
031011	1	1	2
031012	1	2	2
031013	1	1	2
031020	1	2	3
031021	1	2	3
031022	1	2	3
031023	1	2	3
031030	1	1	2
031031	1	1	2
031032	1	1	2
031033	1	1	2
031100	1	2	3
031101	1	2	3
031102	1	2	3
031103	1	2	3
031110	1	2	2
031111	1	2	2
031112	1	2	2
031113	1	2	2
031120	1	2	3
031121	1	2	2
031122	1	2	3
031123	1	2	3
031130	1	2	2
031131	1	1	2
031132	1	2	2
031133	1	2	2
031200	1	2	3
031201	1	1	2
031202	1	2	2
031203	1	2	2
031210	1	1	2
031211	1	1	2
031212	1	1	2
031213	1	1	2
031220	1	2	3
031221	1	2	2
031222	1	2	2
031223	1	2	2
031230	1	1	2
031231	1	1	2
031232	1	1	2
031233	1	1	2
031300	1	2	2
031301	1	1	2
031302	1	2	2
031303	1	1	2
031310	1	1	2
031311	1	1	2
031312	1	1	2
031313	1	1	2
031320	1	1	2
031321	1	1	2
031322	1	1	2
031323	1	1	2
031330	0	1	1
031331	0	1	1
031332	0	1	1
031333	0	1	1
032000	0	1	1
032001	0	1	1
032002	0	1	1
032003	0	1	1
032010	0	0	0
032011	0	0	0
032012	0	0	0
032013	0	0	0
032020	0	1	1
032021	0	1	1
032022	0	1	1
032023	0	1	1
032030	0	0	0
032031	0	0	0
032032	0	0	0
032033	0	0	0
032100	1	1	2
032101	1	1	2
032102	1	1	2
032103	1	1	2
032110	0	1	1
032111	0	1	1
032112	0	1	1
032113	0	1	1
032120	1	1	2
032121	0	1	1
032122	1	1	2
032123	0	1	1
032130	0	1	1
032131	0	1	1
032132	0	1	1
032133	0	1	1
032200	0	1	1
032201	0	1	1
032202	0	1	1
032203	0	1	1
032210	0	1	1
032211	0	1	1
032212	0	1	1
032213	0	1	1
032220	0	1	1
032221	0	1	1
032222	0	1	1
032223	0	1	1
032230	0	1	1
032231	0	0	1
032232	0	0	1
032233	0	0	1
032300	0	1	1
032301	0	1	1
032302	0	1	1
032303	0	1	1
032310	0	0	1
032311	0	0	1
032312	0	0	1
032313	0	0	1
032320	0	1	1
032321	0	0	1
032322	0	0	1
032323	0	0	1
032330	0	0	0
032331	0	0	0
032332	0	0	0
032333	0	0	0
033000	1	2	3
033001	1	2	3
033002	1	2	3
033003	1	2	3
033010	1	2	3
033011	1	2	3
033012	1	2	3
033013	1	2	3
033020	1	2	3
033021	1	2	3
033022	1	2	3
033023	1	2	3
033030	1	2	3
033031	1	2	3
033032	1	2	3
033033	1	2	3
033100	1	2	3
033101	1	2	3
033102	1	2	3
033103	1	2	3
033110	1	2	3
033111	1	2	3
033112	1	2	3
033113	1	2	3
033120	1	2	3
033121	1	2	3
033122	1	2	3
033123	1	2	3
033130	1	2	3
033131	1	2	3
033132	1	2	3
033133	1	2	3
033200	1	2	3
033201	1	2	2
033202	1	2	3
033203	1	2	3
033210	1	2	3
033211	1	2	2
033212	1	2	3
033213	1	2	3
033220	1	2	3
033221	1	2	3
033222	1	2	3
033223	1	2	3
033230	1	2	3
033231	1	2	3
033232	1	2	3
033233	1	2	3
033300	1	2	3
033301	1	2	2
033302	1	2	3
033303	1	2	2
033310	1	1	2
033311	1	1	2
033312	1	1	2
033313	1	1	2
033320	1	2	2
033321	1	1	2
033322	1	2	2
033323	1	1	2
033330	1	1	2
033331	0	1	1
033332	1	1	2
033333	1	1	2
100000	0	1	1
100001	0	1	1
100002	0	1	1
100003	0	1	1
100010	0	0	0
100011	0	0	0
100012	0	0	0
100013	0	0	0
100020	0	1	1
100021	0	0	1
100022	0	1	1
100023	0	0	1
100030	0	0	0
100031	0	0	0
100032	0	0	0
100033	0	0	0
100100	0	1	1
100101	0	1	1
100102	0	1	1
100103	0	1	1
100110	0	1	1
100111	0	1	1
100112	0	1	1
100113	0	1	1
100120	0	1	1
100121	0	1	1
100122	0	1	1
100123	0	1	1
100130	0	1	1
100131	0	0	1
100132	0	1	1
100133	0	0	1
100200	0	1	1
100201	0	0	0
100202	0	1	1
100203	0	0	1
100210	0	0	0
100211	0	0	0
100212	0	0	0
100213	0	0	0
100220	0	0	1
100221	0	0	1
100222	0	0	1
100223	0	0	1
100230	0	0	0
100231	0	0	0
100232	0	0	0
100233	0	0	0
100300	0	0	1
100301	0	0	0
100302	0	0	1
100303	0	0	1
100310	0	0	0
100311	0	0	0
100312	0	0	0
100313	0	0	0
100320	0	0	0
100321	0	0	0
100322	0	0	0
100323	0	0	0
100330	0	0	0
100331	0	0	0
100332	0	0	0
100333	0	0	0
101000	1	2	3
101001	1	2	3
101002	1	2	3
101003	1	2	3
101010	1	2	2
101011	1	1	2
101012	1	2	2
101013	1	2	2
101020	1	2	3
101021	1	2	3
101022	1	2	3
101023	1	2	3
101030	1	1	2
101031	1	1	2
101032	1	1	2
101033	1	1	2
101100	1	2	3
101101	1	2	3
101102	1	2	3
101103	1	2	3
101110	1	2	3
101111	1	2	3
101112	1	2	3
101113	1	2	3
101120	1	2	3
101121	1	2	3
101122	1	2	3
101123	1	2	3
101130	1	2	3
101131	1	2	2
101132	1	2	3
101133	1	2	2
101200	1	2	3
101201	1	1	2
101202	1	2	2
101203	1	2	2
101210	1	1	2
101211	1	1	2
101212	1	1	2
101213	1	1	2
101220	1	2	3
101221	1	1	2
101222	1	2	2
101223	1	2	2
101230	1	1	2
101231	1	1	2
101232	1	1	2
101233	1	1	2
101300	1	2	2
101301	1	1	2
101302	1	2	2
101303	1	2	2
101310	1	1	2
101311	0	1	1
101312	1	1	2
101313	1	1	2
101320	1	1	2
101321	1	1	2
101322	1	1	2
101323	1	1	2
101330	0	1	1
101331	0	1	1
101332	0	1	1
101333	0	1	1
102000	0	0	0
102001	0	0	0
102002	0	0	0
102003	0	0	0
102010	0	0	0
102011	0	0	0
102012	0	0	0
102013	0	0	0
102020	0	0	0
102021	0	0	0
102022	0	0	0
102023	0	0	0
102030	0	0	0
102031	0	0	0
102032	0	0	0
102033	0	0	0
102100	0	1	1
102101	0	1	1
102102	0	1	1
102103	0	1	1
102110	0	0	1
102111	0	0	1
102112	0	0	1
102113	0	0	1
102120	0	1	1
102121	0	0	1
102122	0	0	1
102123	0	0	1
102130	0	0	1
102131	0	0	0
102132	0	0	0
102133	0	0	0
102200	0	0	0
102201	0	0	0
102202	0	0	0
102203	0	0	0
102210	0	0	0
102211	0	0	0
102212	0	0	0
102213	0	0	0
102220	0	0	0
102221	0	0	0
102222	0	0	0
102223	0	0	0
102230	0	0	0
102231	0	0	0
102232	0	0	0
102233	0	0	0
102300	0	0	0
102301	0	0	0
102302	0	0	0
102303	0	0	0
102310	0	0	0
102311	0	0	0
102312	0	0	0
102313	0	0	0
102320	0	0	0
102321	0	0	0
102322	0	0	0
102323	0	0	0
102330	0	0	0
102331	0	0	0
102332	0	0	0
102333	0	0	0
103000	1	2	3
103001	1	2	3
103002	1	2	3
103003	1	2	3
103010	1	2	3
103011	1	2	3
103012	1	2	3
103013	1	2	3
103020	1	2	3
103021	1	2	3
103022	1	2	3
103023	1	2	3
103030	1	2	3
103031	1	2	3
103032	1	2	3
103033	1	2	3
103100	1	2	3
103101	1	2	3
103102	1	2	3
103103	1	2	3
103110	1	2	3
103111	1	2	3
103112	1	2	3
103113	1	2	3
103120	1	2	3
103121	1	2	3
103122	1	2	3
103123	1	2	3
103130	1	2	3
103131	1	2	3
103132	1	2	3
103133	1	2	3
103200	1	2	3
103201	1	2	3
103202	1	2	3
103203	1	2	3
103210	1	2	3
103211	1	2	3
103212	1	2	3
103213	1	2	3
103220	1	2	3
103221	1	2	3
103222	1	2	3
103223	1	2	3
103230	1	2	3
103231	1	2	3
103232	1	2	3
103233	1	2	3
103300	1	2	3
103301	1	2	3
103302	1	2	3
103303	1	2	3
103310	1	2	2
103311	1	1	2
103312	1	2	2
103313	1	2	2
103320	1	2	3
103321	1	2	2
103322	1	2	3
103323	1	2	2
103330	1	1	2
103331	1	1	2
103332	1	1	2
103333	1	1	2
110000	1	1	2
110001	0	1	1
110002	1	1	2
110003	0	1	1
110010	0	0	1
110011	0	0	1
110012	0	0	1
110013	0	0	1
110020	1	1	2
110021	0	1	1
110022	0	1	1
110023	0	1	1
110030	0	0	1
110031	0	0	0
110032	0	0	1
110033	0	0	1
110100	1	1	2
110101	1	1	2
110102	1	1	2
110103	1	1	2
110110	1	1	2
110111	1	1	2
110112	1	1	2
110113	1	1	2
110120	1	1	2
110121	1	1	2
110122	1	1	2
110123	1	1	2
110130	0	1	1
110131	0	1	1
110132	0	1	1
110133	0	1	1
110200	0	1	1
110201	0	0	1
110202	0	1	1
110203	0	1	1
110210	0	0	1
110211	0	0	1
110212	0	0	1
110213	0	0	1
110220	0	1	1
110221	0	1	1
110222	0	1	1
110223	0	1	1
110230	0	0	0
110231	0	0	0
110232	0	0	0
110233	0	0	0
110300	0	1	1
110301	0	1	1
110302	0	1	1
110303	0	1	1
110310	0	0	1
110311	0	0	0
110312	0	0	1
110313	0	0	1
110320	0	1	1
110321	0	0	1
110322	0	1	1
110323	0	1	1
110330	0	0	0
110331	0	0	0
110332	0	0	0
110333	0	0	0
111000	1	2	3
111001	1	2	3
111002	1	2	3
111003	1	2	3
111010	1	1	2
111011	1	1	2
111012	1	1	2
111013	1	1	2
111020	1	2	3
111021	1	2	2
111022	1	2	3
111023	1	2	3
111030	1	1	2
111031	1	1	2
111032	1	1	2
111033	1	1	2
111100	1	2	3
111101	1	2	3
111102	1	2	3
111103	1	2	3
111110	1	2	2
111111	1	2	2
111112	1	2	2
111113	1	2	2
111120	1	2	3
111121	1	2	2
111122	1	2	3
111123	1	2	3
111130	1	2	2
111131	1	1	2
111132	1	2	2
111133	1	2	2
111200	1	2	2
111201	1	1	2
111202	1	2	2
111203	1	1	2
111210	1	1	2
111211	1	1	2
111212	1	1	2
111213	1	1	2
111220	1	2	2
111221	1	1	2
111222	1	2	2
111223	1	1	2
111230	1	1	2
111231	1	1	2
111232	1	1	2
111233	1	1	2
111300	1	2	2
111301	1	1	2
111302	1	2	2
111303	1	2	2
111310	1	1	2
111311	1	1	2
111312	1	1	2
111313	1	1	2
111320	1	1	2
111321	1	1	2
111322	1	1	2
111323	1	1	2
111330	0	1	1
111331	0	1	1
111332	0	1	1
111333	0	1	1
112000	0	1	1
112001	0	0	1
112002	0	1	1
112003	0	0	1
112010	0	0	0
112011	0	0	0
112012	0	0	0
112013	0	0	0
112020	0	0	1
112021	0	0	1
112022	0	0	1
112023	0	0	1
112030	0	0	0
112031	0	0	0
112032	0	0	0
112033	0	0	0
112100	1	1	2
112101	0	1	1
112102	0	1	1
112103	0	1	1
112110	0	1	1
112111	0	1	1
112112	0	1	1
112113	0	1	1
112120	0	1	1
112121	0	1	1
112122	0	1	1
112123	0	1	1
112130	0	1	1
112131	0	0	1
112132	0	1	1
112133	0	1	1
112200	0	1	1
112201	0	0	0
112202	0	0	1
112203	0	0	1
112210	0	0	0
112211	0	0	0
112212	0	0	0
112213	0	0	0
112220	0	1	1
112221	0	0	1
112222	0	1	1
112223	0	0	1
112230	0	0	0
112231	0	0	0
112232	0	0	0
112233	0	0	0
112300	0	0	1
112301	0	0	0
112302	0	0	1
112303	0	0	0
112310	0	0	0
112311	0	0	0
112312	0	0	0
112313	0	0	0
112320	0	0	0
112321	0	0	0
112322	0	0	0
112323	0	0	0
112330	0	0	0
112331	0	0	0
112332	0	0	0
112333	0	0	0
113000	1	2	3
113001	1	2	3
113002	1	2	3
113003	1	2	3
113010	1	2	3
113011	1	2	3
113012	1	2	3
113013	1	2	3
113020	1	2	3
113021	1	2	3
113022	1	2	3
113023	1	2	3
113030	1	2	3
113031	1	2	3
113032	1	2	3
113033	1	2	3
113100	1	2	3
113101	1	2	3
113102	1	2	3
113103	1	2	3
113110	1	2	3
113111	1	2	3
113112	1	2	3
113113	1	2	3
113120	1	2	3
113121	1	2	3
113122	1	2	3
113123	1	2	3
113130	1	2	3
113131	1	2	3
113132	1	2	3
113133	1	2	3
113200	1	2	3
113201	1	2	3
113202	1	2	3
113203	1	2	3
113210	1	2	3
113211	1	2	3
113212	1	2	3
113213	1	2	3
113220	1	2	3
113221	1	2	3
113222	1	2	3
113223	1	2	3
113230	1	2	3
113231	1	2	3
113232	1	2	3
113233	1	2	3
113300	1	2	3
113301	1	2	3
113302	1	2	3
113303	1	2	3
113310	1	2	2
113311	1	2	2
113312	1	2	2
113313	1	2	2
113320	1	2	3
113321	1	2	2
113322	1	2	3
113323	1	2	3
113330	1	1	2
113331	1	1	2
113332	1	1	2
113333	1	1	2
120000	0	0	1
120001	0	0	0
120002	0	0	0
120003	0	0	0
120010	0	0	0
120011	0	0	0
120012	0	0	0
120013	0	0	0
120020	0	0	0
120021	0	0	0
120022	0	0	0
120023	0	0	0
120030	0	0	0
120031	0	0	0
120032	0	0	0
120033	0	0	0
120100	0	1	1
120101	0	1	1
120102	0	1	1
120103	0	1	1
120110	0	0	1
120111	0	0	1
120112	0	0	1
120113	0	0	1
120120	0	1	1
120121	0	0	1
120122	0	1	1
120123	0	0	1
120130	0	0	1
120131	0	0	0
120132	0	0	1
120133	0	0	0
120200	0	0	0
120201	0	0	0
120202	0	0	0
120203	0	0	0
120210	0	0	0
120211	0	0	0
120212	0	0	0
120213	0	0	0
120220	0	0	0
120221	0	0	0
120222	0	0	0
120223	0	0	0
120230	0	0	0
120231	0	0	0
120232	0	0	0
120233	0	0	0
120300	0	0	0
120301	0	0	0
120302	0	0	0
120303	0	0	0
120310	0	0	0
120311	0	0	0
120312	0	0	0
120313	0	0	0
120320	0	0	0
120321	0	0	0
120322	0	0	0
120323	0	0	0
120330	0	0	0
120331	0	0	0
120332	0	0	0
120333	0	0	0
121000	1	2	3
121001	1	2	3
121002	1	2	3
121003	1	2	3
121010	1	1	2
121011	1	1	2
121012	1	1	2
121013	1	1	2
121020	1	2	3
121021	1	2	2
121022	1	2	3
121023	1	2	3
121030	1	1	2
121031	1	1	2
121032	1	1	2
121033	1	1	2
121100	1	2	3
121101	1	2	3
121102	1	2	3
121103	1	2	3
121110	1	2	3
121111	1	2	3
121112	1	2	3
121113	1	2	3
121120	1	2	3
121121	1	2	3
121122	1	2	3
121123	1	2	3
121130	1	2	3
121131	1	2	2
121132	1	2	3
121133	1	2	3
121200	1	2	3
121201	1	1	2
121202	1	2	2
121203	1	2	2
121210	1	1	2
121211	1	1	2
121212	1	1	2
121213	1	1	2
121220	1	2	3
121221	1	2	2
121222	1	2	2
121223	1	2	2
121230	1	1	2
121231	1	1	2
121232	1	1	2
121233	1	1	2
121300	1	2	2
121301	1	1	2
121302	1	2	2
121303	1	2	2
121310	1	1	2
121311	0	1	1
121312	1	1	2
121313	1	1	2
121320	1	1	2
121321	1	1	2
121322	1	1	2
121323	1	1	2
121330	0	1	1
121331	0	1	1
121332	0	1	1
121333	0	1	1
122000	0	0	0
122001	0	0	0
122002	0	0	0
122003	0	0	0
122010	0	0	0
122011	0	0	0
122012	0	0	0
122013	0	0	0
122020	0	0	0
122021	0	0	0
122022	0	0	0
122023	0	0	0
122030	0	0	0
122031	0	0	0
122032	0	0	0
122033	0	0	0
122100	0	1	1
122101	0	0	1
122102	0	1	1
122103	0	1	1
122110	0	0	1
122111	0	0	0
122112	0	0	1
122113	0	0	1
122120	0	1	1
122121	0	0	1
122122	0	0	1
122123	0	0	1
122130	0	0	0
122131	0	0	0
122132	0	0	0
122133	0	0	0
122200	0	0	0
122201	0	0	0
122202	0	0	0
122203	0	0	0
122210	0	0	0
122211	0	0	0
122212	0	0	0
122213	0	0	0
122220	0	0	0
122221	0	0	0
122222	0	0	0
122223	0	0	0
122230	0	0	0
122231	0	0	0
122232	0	0	0
122233	0	0	0
122300	0	0	0
122301	0	0	0
122302	0	0	0
122303	0	0	0
122310	0	0	0
122311	0	0	0
122312	0	0	0
122313	0	0	0
122320	0	0	0
122321	0	0	0
122322	0	0	0
122323	0	0	0
122330	0	0	0
122331	0	0	0
122332	0	0	0
122333	0	0	0
123000	1	2	3
123001	1	2	3
123002	1	2	3
123003	1	2	3
123010	1	2	2
123011	1	2	2
123012	1	2	2
123013	1	2	3
123020	1	2	3
123021	1	2	3
123022	1	2	3
123023	1	2	3
123030	1	2	3
123031	1	2	3
123032	1	2	3
123033	1	2	3
123100	1	2	3
123101	1	2	3
123102	1	2	3
123103	1	2	3
123110	1	2	3
123111	1	2	3
123112	1	2	3
123113	1	2	3
123120	1	2	3
123121	1	2	3
123122	1	2	3
123123	1	2	3
123130	1	2	3
123131	1	2	3
123132	1	2	3
123133	1	2	3
123200	1	2	3
123201	1	2	2
123202	1	2	3
123203	1	2	3
123210	1	2	3
123211	1	2	3
123212	1	2	3
123213	1	2	3
123220	1	2	3
123221	1	2	3
123222	1	2	3
123223	1	2	3
123230	1	2	3
123231	1	2	3
123232	1	2	3
123233	1	2	3
123300	1	2	3
123301	1	2	2
123302	1	2	3
123303	1	2	3
123310	1	1	2
123311	1	1	2
123312	1	1	2
123313	1	1	2
123320	1	2	3
123321	1	1	2
123322	1	2	2
123323	1	2	2
123330	1	1	2
123331	0	1	1
123332	1	1	2
123333	1	1	2
130000	1	1	2
130001	1	1	2
130002	1	1	2
130003	1	1	2
130010	0	1	1
130011	0	1	1
130012	0	1	1
130013	0	1	1
130020	1	1	2
130021	0	1	1
130022	1	1	2
130023	1	1	2
130030	0	1	1
130031	0	0	1
130032	0	0	1
130033	0	0	1
130100	1	1	2
130101	1	1	2
130102	1	1	2
130103	1	1	2
130110	1	1	2
130111	1	1	2
130112	1	1	2
130113	1	1	2
130120	1	1	2
130121	1	1	2
130122	1	1	2
130123	1	1	2
130130	1	1	2
130131	0	1	1
130132	1	1	2
130133	1	1	2
130200	1	1	2
130201	0	1	1
130202	1	1	2
130203	0	1	1
130210	0	1	1
130211	0	1	1
130212	0	1	1
130213	0	1	1
130220	1	1	2
130221	0	1	1
130222	0	1	1
130223	0	1	1
130230	0	1	1
130231	0	0	1
130232	0	0	1
130233	0	0	1
130300	1	1	2
130301	0	1	1
130302	0	1	1
130303	0	1	1
130310	0	1	1
130311	0	1	1
130312	0	1	1
130313	0	1	1
130320	0	1	1
130321	0	1	1
130322	0	1	1
130323	0	1	1
130330	0	0	1
130331	0	0	0
130332	0	0	0
130333	0	0	0
131000	1	2	3
131001	1	2	3
131002	1	2	3
131003	1	2	3
131010	1	1	2
131011	1	1	2
131012	1	1	2
131013	1	1	2
131020	1	2	3
131021	1	2	2
131022	1	2	3
131023	1	2	2
131030	1	1	2
131031	1	1	2
131032	1	1	2
131033	1	1	2
131100	1	2	3
131101	1	2	2
131102	1	2	3
131103	1	2	3
131110	1	2	2
131111	1	2	2
131112	1	2	2
131113	1	2	2
131120	1	2	3
131121	1	2	2
131122	1	2	3
131123	1	2	2
131130	1	2	2
131131	1	1	2
131132	1	2	2
131133	1	2	2
131200	1	2	2
131201	1	1	2
131202	1	2	2
131203	1	2	2
131210	1	1	2
131211	1	1	2
131212	1	1	2
131213	1	1	2
131220	1	2	2
131221	1	1	2
131222	1	2	2
131223	1	2	2
131230	1	1	2
131231	1	1	2
131232	1	1	2
131233	1	1	2
131300	1	2	2
131301	1	1	2
131302	1	1	2
131303	1	1	2
131310	1	1	2
131311	1	1	2
131312	1	1	2
131313	1	1	2
131320	1	1	2
131321	1	1	2
131322	1	1	2
131323	1	1	2
131330	0	1	1
131331	0	1	1
131332	0	1	1
131333	0	1	1
132000	0	1	1
132001	0	0	1
132002	0	1	1
132003	0	1	1
132010	0	0	0
132011	0	0	0
132012	0	0	0
132013	0	0	0
132020	0	1	1
132021	0	0	1
132022	0	1	1
132023	0	1	1
132030	0	0	0
132031	0	0	0
132032	0	0	0
132033	0	0	0
132100	1	1	2
132101	0	1	1
132102	1	1	2
132103	1	1	2
132110	0	1	1
132111	0	1	1
132112	0	1	1
132113	0	1	1
132120	1	1	2
132121	0	1	1
132122	0	1	1
132123	0	1	1
132130	0	1	1
132131	0	1	1
132132	0	1	1
132133	0	1	1
132200	0	1	1
132201	0	1	1
132202	0	1	1
132203	0	1	1
132210	0	0	1
132211	0	0	1
132212	0	0	1
132213	0	0	1
132220	0	1	1
132221	0	1	1
132222	0	1	1
132223	0	1	1
132230	0	0	1
132231	0	0	0
132232	0	0	1
132233	0	0	1
132300	0	1	1
132301	0	0	1
132302	0	1	1
132303	0	1	1
132310	0	0	1
132311	0	0	1
132312	0	0	1
132313	0	0	1
132320	0	1	1
132321	0	0	1
132322	0	0	1
132323	0	0	1
132330	0	0	0
132331	0	0	0
132332	0	0	0
132333	0	0	0
133000	1	2	3
133001	1	2	3
133002	1	2	3
133003	1	2	3
133010	1	2	2
133011	1	2	2
133012	1	2	2
133013	1	2	3
133020	1	2	3
133021	1	2	3
133022	1	2	3
133023	1	2	3
133030	1	2	2
133031	1	2	3
133032	1	2	2
133033	1	2	3
133100	1	2	3
133101	1	2	3
133102	1	2	3
133103	1	2	3
133110	1	2	3
133111	1	2	3
133112	1	2	3
133113	1	2	3
133120	1	2	3
133121	1	2	3
133122	1	2	3
133123	1	2	3
133130	1	2	3
133131	1	2	3
133132	1	2	3
133133	1	2	3
133200	1	2	3
133201	1	2	2
133202	1	2	2
133203	1	2	2
133210	1	2	2
133211	1	2	2
133212	1	2	2
133213	1	2	2
133220	1	2	3
133221	1	2	2
133222	1	2	2
133223	1	2	3
133230	1	2	2
133231	1	2	2
133232	1	2	2
133233	1	2	3
133300	1	2	2
133301	1	1	2
133302	1	2	2
133303	1	2	2
133310	1	1	2
133311	1	1	2
133312	1	1	2
133313	1	1	2
133320	1	2	2
133321	1	1	2
133322	1	1	2
133323	1	1	2
133330	1	1	2
133331	0	1	1
133332	1	1	2
133333	1	1	2
200000	0	1	1
200001	0	0	1
200002	0	0	1
200003	0	0	1
200010	0	0	0
200011	0	0	0
200012	0	0	0
200013	0	0	0
200020	0	0	1
200021	0	0	1
200022	0	0	1
200023	0	0	1
200030	0	0	0
200031	0	0	0
200032	0	0	0
200033	0	0	0
200100	0	1	1
200101	0	1	1
200102	0	1	1
200103	0	1	1
200110	0	1	1
200111	0	0	1
200112	0	1	1
200113	0	0	1
200120	0	1	1
200121	0	1	1
200122	0	1	1
200123	0	1	1
200130	0	0	1
200131	0	0	1
200132	0	0	1
200133	0	0	1
200200	0	0	1
200201	0	0	0
200202	0	0	1
200203	0	0	0
200210	0	0	0
200211	0	0	0
200212	0	0	0
200213	0	0	0
200220	0	0	1
200221	0	0	0
200222	0	0	1
200223	0	0	0
200230	0	0	0
200231	0	0	0
200232	0	0	0
200233	0	0	0
200300	0	0	1
200301	0	0	0
200302	0	0	0
200303	0	0	0
200310	0	0	0
200311	0	0	0
200312	0	0	0
200313	0	0	0
200320	0	0	0
200321	0	0	0
200322	0	0	0
200323	0	0	0
200330	0	0	0
200331	0	0	0
200332	0	0	0
200333	0	0	0
201000	1	2	3
201001	1	2	3
201002	1	2	3
201003	1	2	3
201010	1	2	2
201011	1	1	2
201012	1	2	2
201013	1	2	2
201020	1	2	3
201021	1	2	3
201022	1	2	3
201023	1	2	3
201030	1	1	2
201031	1	1	2
201032	1	1	2
201033	1	1	2
201100	1	2	3
201101	1	2	3
201102	1	2	3
201103	1	2	3
201110	1	2	3
201111	1	2	3
201112	1	2	3
201113	1	2	3
201120	1	2	3
201121	1	2	3
201122	1	2	3
201123	1	2	3
201130	1	2	3
201131	1	2	2
201132	1	2	3
201133	1	2	2
201200	1	2	3
201201	1	1	2
201202	1	2	3
201203	1	2	2
201210	1	1	2
201211	1	1	2
201212	1	1	2
201213	1	1	2
201220	1	2	3
201221	1	2	2
201222	1	2	3
201223	1	2	2
201230	1	1	2
201231	1	1	2
201232	1	1	2
201233	1	1	2
201300	1	2	3
201301	1	1	2
201302	1	2	2
201303	1	2	2
201310	1	1	2
201311	0	1	1
201312	1	1	2
201313	1	1	2
201320	1	1	2
201321	1	1	2
201322	1	1	2
201323	1	1	2
201330	0	1	1
201331	0	1	1
201332	0	1	1
201333	0	1	1
202000	0	0	0
202001	0	0	0
202002	0	0	0
202003	0	0	0
202010	0	0	0
202011	0	0	0
202012	0	0	0
202013	0	0	0
202020	0	0	0
202021	0	0	0
202022	0	0	0
202023	0	0	0
202030	0	0	0
202031	0	0	0
202032	0	0	0
202033	0	0	0
202100	0	1	1
202101	0	0	1
202102	0	1	1
202103	0	1	1
202110	0	0	1
202111	0	0	0
202112	0	0	1
202113	0	0	1
202120	0	0	1
202121	0	0	1
202122	0	0	1
202123	0	0	1
202130	0	0	0
202131	0	0	0
202132	0	0	0
202133	0	0	0
202200	0	0	0
202201	0	0	0
202202	0	0	0
202203	0	0	0
202210	0	0	0
202211	0	0	0
202212	0	0	0
202213	0	0	0
202220	0	0	0
202221	0	0	0
202222	0	0	0
202223	0	0	0
202230	0	0	0
202231	0	0	0
202232	0	0	0
202233	0	0	0
202300	0	0	0
202301	0	0	0
202302	0	0	0
202303	0	0	0
202310	0	0	0
202311	0	0	0
202312	0	0	0
202313	0	0	0
202320	0	0	0
202321	0	0	0
202322	0	0	0
202323	0	0	0
202330	0	0	0
202331	0	0	0
202332	0	0	0
202333	0	0	0
203000	1	2	3
203001	1	2	3
203002	1	2	3
203003	1	2	3
203010	1	2	3
203011	1	2	3
203012	1	2	3
203013	1	2	3
203020	1	2	3
203021	1	2	3
203022	1	2	3
203023	1	2	3
203030	1	2	3
203031	1	2	3
203032	1	2	3
203033	1	2	3
203100	1	2	3
203101	1	2	3
203102	1	2	3
203103	1	2	3
203110	1	2	3
203111	1	2	3
203112	1	2	3
203113	1	2	3
203120	1	2	3
203121	1	2	3
203122	1	2	3
203123	1	2	3
203130	1	2	3
203131	1	2	3
203132	1	2	3
203133	1	2	3
203200	1	2	3
203201	1	2	3
203202	1	2	3
203203	1	2	3
203210	1	2	3
203211	1	2	3
203212	1	2	3
203213	1	2	3
203220	1	2	3
203221	1	2	3
203222	1	2	3
203223	1	2	3
203230	1	2	3
203231	1	2	3
203232	1	2	3
203233	1	2	3
203300	1	2	3
203301	1	2	3
203302	1	2	3
203303	1	2	3
203310	1	2	2
203311	1	2	2
203312	1	2	2
203313	1	2	2
203320	1	2	3
203321	1	2	2
203322	1	2	3
203323	1	2	3
203330	1	1	2
203331	1	1	2
203332	1	1	2
203333	1	1	2
210000	1	1	2
210001	0	1	1
210002	1	1	2
210003	0	1	1
210010	0	0	1
210011	0	0	1
210012	0	0	1
210013	0	0	1
210020	0	1	1
210021	0	1	1
210022	0	1	1
210023	0	1	1
210030	0	0	1
210031	0	0	0
210032	0	0	0
210033	0	0	0
210100	1	1	2
210101	1	1	2
210102	1	1	2
210103	1	1	2
210110	0	1	1
210111	0	1	1
210112	0	1	1
210113	0	1	1
210120	1	1	2
210121	0	1	1
210122	1	1	2
210123	1	1	2
210130	0	1	1
210131	0	1	1
210132	0	1	1
210133	0	1	1
210200	0	1	1
210201	0	0	1
210202	0	1	1
210203	0	0	1
210210	0	0	1
210211	0	0	0
210212	0	0	1
210213	0	0	1
210220	0	1	1
210221	0	0	1
210222	0	1	1
210223	0	1	1
210230	0	0	0
210231	0	0	0
210232	0	0	0
210233	0	0	0
210300	0	1	1
210301	0	1	1
210302	0	1	1
210303	0	1	1
210310	0	0	1
210311	0	0	0
210312	0	0	1
210313	0	0	1
210320	0	1	1
210321	0	0	1
210322	0	1	1
210323	0	0	1
210330	0	0	0
210331	0	0	0
210332	0	0	0
210333	0	0	0
211000	1	2	3
211001	1	2	2
211002	1	2	3
211003	1	2	3
211010	1	1	2
211011	1	1	2
211012	1	1	2
211013	1	1	2
211020	1	2	3
211021	1	2	2
211022	1	2	2
211023	1	2	2
211030	1	1	2
211031	1	1	2
211032	1	1	2
211033	1	1	2
211100	1	2	3
211101	1	2	2
211102	1	2	3
211103	1	2	3
211110	1	2	2
211111	1	1	2
211112	1	2	2
211113	1	2	2
211120	1	2	3
211121	1	2	2
211122	1	2	2
211123	1	2	2
211130	1	1	2
211131	1	1	2
211132	1	1	2
211133	1	1	2
211200	1	2	2
211201	1	1	2
211202	1	1	2
211203	1	1	2
211210	1	1	2
211211	1	1	2
211212	1	1	2
211213	1	1	2
211220	1	2	2
211221	1	1	2
211222	1	1	2
211223	1	1	2
211230	1	1	2
211231	0	1	1
211232	1	1	2
211233	1	1	2
211300	1	1	2
211301	1	1	2
211302	1	1	2
211303	1	1	2
211310	1	1	2
211311	0	1	1
211312	1	1	2
211313	0	1	1
211320	1	1	2
211321	1	1	2
211322	1	1	2
211323	1	1	2
211330	0	1	1
211331	0	0	1
211332	0	1	1
211333	0	1	1
212000	0	1	1
212001	0	0	1
212002	0	0	1
212003	0	0	1
212010	0	0	0
212011	0	0	0
212012	0	0	0
212013	0	0	0
212020	0	0	1
212021	0	0	1
212022	0	0	1
212023	0	0	1
212030	0	0	0
212031	0	0	0
212032	0	0	0
212033	0	0	0
212100	0	1	1
212101	0	1	1
212102	0	1	1
212103	0	1	1
212110	0	1	1
212111	0	1	1
212112	0	1	1
212113	0	1	1
212120	0	1	1
212121	0	1	1
212122	0	1	1
212123	0	1	1
212130	0	1	1
212131	0	0	1
212132	0	0	1
212133	0	0	1
212200	0	1	1
212201	0	0	0
212202	0	0	1
212203	0	0	0
212210	0	0	0
212211	0	0	0
212212	0	0	0
212213	0	0	0
212220	0	1	1
212221	0	0	1
212222	0	0	1
212223	0	0	1
212230	0	0	0
212231	0	0	0
212232	0	0	0
212233	0	0	0
212300	0	0	1
212301	0	0	0
212302	0	0	1
212303	0	0	0
212310	0	0	0
212311	0	0	0
212312	0	0	0
212313	0	0	0
212320	0	0	0
212321	0	0	0
212322	0	0	0
212323	0	0	0
212330	0	0	0
212331	0	0	0
212332	0	0	0
212333	0	0	0
213000	1	2	3
213001	1	2	3
213002	1	2	3
213003	1	2	3
213010	1	2	3
213011	1	2	3
213012	1	2	3
213013	1	2	3
213020	1	2	3
213021	1	2	3
213022	1	2	3
213023	1	2	3
213030	1	2	3
213031	1	2	3
213032	1	2	3
213033	1	2	3
213100	1	2	3
213101	1	2	3
213102	1	2	3
213103	1	2	3
213110	1	2	3
213111	1	2	3
213112	1	2	3
213113	1	2	3
213120	1	2	3
213121	1	2	3
213122	1	2	3
213123	1	2	3
213130	1	2	3
213131	1	2	3
213132	1	2	3
213133	1	2	3
213200	1	2	3
213201	1	2	2
213202	1	2	3
213203	1	2	3
213210	1	2	3
213211	1	2	3
213212	1	2	3
213213	1	2	3
213220	1	2	3
213221	1	2	3
213222	1	2	3
213223	1	2	3
213230	1	2	3
213231	1	2	3
213232	1	2	3
213233	1	2	3
213300	1	2	3
213301	1	2	2
213302	1	2	3
213303	1	2	3
213310	1	1	2
213311	1	1	2
213312	1	1	2
213313	1	1	2
213320	1	2	3
213321	1	1	2
213322	1	2	2
213323	1	2	2
213330	1	1	2
213331	1	1	2
213332	1	1	2
213333	1	1	2
220000	0	0	0
220001	0	0	0
220002	0	0	0
220003	0	0	0
220010	0	0	0
220011	0	0	0
220012	0	0	0
220013	0	0	0
220020	0	0	0
220021	0	0	0
220022	0	0	0
220023	0	0	0
220030	0	0	0
220031	0	0	0
220032	0	0	0
220033	0	0	0
220100	0	0	1
220101	0	0	0
220102	0	0	1
220103	0	0	1
220110	0	0	0
220111	0	0	0
220112	0	0	0
220113	0	0	0
220120	0	0	0
220121	0	0	0
220122	0	0	0
220123	0	0	0
220130	0	0	0
220131	0	0	0
220132	0	0	0
220133	0	0	0
220200	0	0	0
220201	0	0	0
220202	0	0	0
220203	0	0	0
220210	0	0	0
220211	0	0	0
220212	0	0	0
220213	0	0	0
220220	0	0	0
220221	0	0	0
220222	0	0	0
220223	0	0	0
220230	0	0	0
220231	0	0	0
220232	0	0	0
220233	0	0	0
220300	0	0	0
220301	0	0	0
220302	0	0	0
220303	0	0	0
220310	0	0	0
220311	0	0	0
220312	0	0	0
220313	0	0	0
220320	0	0	0
220321	0	0	0
220322	0	0	0
220323	0	0	0
220330	0	0	0
220331	0	0	0
220332	0	0	0
220333	0	0	0
221000	1	2	3
221001	1	2	2
221002	1	2	3
221003	1	2	3
221010	1	1	2
221011	1	1	2
221012	1	1	2
221013	1	1	2
221020	1	2	2
221021	1	1	2
221022	1	2	2
221023	1	2	2
221030	1	1	2
221031	1	1	2
221032	1	1	2
221033	1	1	2
221100	1	2	3
221101	1	2	3
221102	1	2	3
221103	1	2	3
221110	1	2	2
221111	1	1	2
221112	1	2	2
221113	1	2	2
221120	1	2	3
221121	1	2	2
221122	1	2	3
221123	1	2	2
221130	1	2	2
221131	1	1	2
221132	1	2	2
221133	1	1	2
221200	1	2	2
221201	1	1	2
221202	1	1	2
221203	1	1	2
221210	1	1	2
221211	1	1	2
221212	1	1	2
221213	1	1	2
221220	1	2	2
221221	1	1	2
221222	1	1	2
221223	1	1	2
221230	1	1	2
221231	1	1	2
221232	1	1	2
221233	1	1	2
221300	1	1	2
221301	1	1	2
221302	1	1	2
221303	1	1	2
221310	0	1	1
221311	0	1	1
221312	0	1	1
221313	0	1	1
221320	1	1	2
221321	1	1	2
221322	1	1	2
221323	1	1	2
221330	0	1	1
221331	0	0	1
221332	0	1	1
221333	0	0	1
222000	0	0	0
222001	0	0	0
222002	0	0	0
222003	0	0	0
222010	0	0	0
222011	0	0	0
222012	0	0	0
222013	0	0	0
222020	0	0	0
222021	0	0	0
222022	0	0	0
222023	0	0	0
222030	0	0	0
222031	0	0	0
222032	0	0	0
222033	0	0	0
222100	0	0	1
222101	0	0	0
222102	0	0	1
222103	0	0	1
222110	0	0	0
222111	0	0	0
222112	0	0	0
222113	0	0	0
222120	0	0	1
222121	0	0	0
222122	0	0	0
222123	0	0	0
222130	0	0	0
222131	0	0	0
222132	0	0	0
222133	0	0	0
222200	0	0	0
222201	0	0	0
222202	0	0	0
222203	0	0	0
222210	0	0	0
222211	0	0	0
222212	0	0	0
222213	0	0	0
222220	0	0	0
222221	0	0	0
222222	0	0	0
222223	0	0	0
222230	0	0	0
222231	0	0	0
222232	0	0	0
222233	0	0	0
222300	0	0	0
222301	0	0	0
222302	0	0	0
222303	0	0	0
222310	0	0	0
222311	0	0	0
222312	0	0	0
222313	0	0	0
222320	0	0	0
222321	0	0	0
222322	0	0	0
222323	0	0	0
222330	0	0	0
222331	0	0	0
222332	0	0	0
222333	0	0	0
223000	1	2	3
223001	1	2	3
223002	1	2	3
223003	1	2	3
223010	1	1	2
223011	1	1	2
223012	1	1	2
223013	1	2	2
223020	1	2	3
223021	1	2	2
223022	1	2	3
223023	1	2	3
223030	1	2	2
223031	1	2	2
223032	1	2	2
223033	1	2	3
223100	1	2	3
223101	1	2	3
223102	1	2	3
223103	1	2	3
223110	1	2	3
223111	1	2	3
223112	1	2	3
223113	1	2	3
223120	1	2	3
223121	1	2	3
223122	1	2	3
223123	1	2	3
223130	1	2	3
223131	1	2	3
223132	1	2	3
223133	1	2	3
223200	1	2	3
223201	1	2	2
223202	1	2	3
223203	1	2	2
223210	1	2	2
223211	1	2	2
223212	1	2	2
223213	1	2	2
223220	1	2	3
223221	1	2	2
223222	1	2	3
223223	1	2	3
223230	1	2	3
223231	1	2	3
223232	1	2	3
223233	1	2	3
223300	1	2	2
223301	1	1	2
223302	1	2	2
223303	1	2	2
223310	1	1	2
223311	1	1	2
223312	1	1	2
223313	1	1	2
223320	1	2	2
223321	1	1	2
223322	1	1	2
223323	1	1	2
223330	0	1	1
223331	0	1	1
223332	0	1	1
223333	0	1	1
230000	1	1	2
230001	0	1	1
230002	0	1	1
230003	0	1	1
230010	0	0	1
230011	0	0	1
230012	0	0	1
230013	0	0	1
230020	0	1	1
230021	0	1	1
230022	0	1	1
230023	0	1	1
230030	0	0	1
230031	0	0	0
230032	0	0	0
230033	0	0	0
230100	1	1	2
230101	1	1	2
230102	1	1	2
230103	1	1	2
230110	0	1	1
230111	0	1	1
230112	0	1	1
230113	0	1	1
230120	1	1	2
230121	0	1	1
230122	1	1	2
230123	0	1	1
230130	0	1	1
230131	0	1	1
230132	0	1	1
230133	0	1	1
230200	0	1	1
230201	0	1	1
230202	0	1	1
230203	0	1	1
230210	0	1	1
230211	0	0	1
230212	0	1	1
230213	0	0	1
230220	0	1	1
230221	0	1	1
230222	0	1	1
230223	0	1	1
230230	0	0	1
230231	0	0	0
230232	0	0	1
230233	0	0	1
230300	0	1	1
230301	0	1	1
230302	0	1	1
230303	0	1	1
230310	0	0	1
230311	0	0	1
230312	0	0	1
230313	0	0	1
230320	0	1	1
230321	0	0	1
230322	0	1	1
230323	0	0	1
230330	0	0	0
230331	0	0	0
230332	0	0	0
230333	0	0	0
231000	1	2	3
231001	1	2	2
231002	1	2	3
231003	1	2	3
231010	1	1	2
231011	1	1	2
231012	1	1	2
231013	1	1	2
231020	1	2	2
231021	1	2	2
231022	1	2	2
231023	1	2	2
231030	1	1	2
231031	1	1	2
231032	1	1	2
231033	1	1	2
231100	1	2	3
231101	1	2	2
231102	1	2	3
231103	1	2	2
231110	1	2	2
231111	1	1	2
231112	1	2	2
231113	1	2	2
231120	1	2	3
231121	1	2	2
231122	1	2	2
231123	1	2	2
231130	1	1	2
231131	1	1	2
231132	1	1	2
231133	1	1	2
231200	1	2	2
231201	1	1	2
231202	1	2	2
231203	1	1	2
231210	1	1	2
231211	1	1	2
231212	1	1	2
231213	1	1	2
231220	1	2	2
231221	1	1	2
231222	1	2	2
231223	1	1	2
231230	1	1	2
231231	1	1	2
231232	1	1	2
231233	1	1	2
231300	1	1	2
231301	1	1	2
231302	1	1	2
231303	1	1	2
231310	1	1	2
231311	0	1	1
231312	1	1	2
231313	1	1	2
231320	1	1	2
231321	1	1	2
231322	1	1	2
231323	1	1	2
231330	0	1	1
231331	0	1	1
231332	0	1	1
231333	0	1	1
232000	0	1	1
232001	0	0	1
232002	0	1	1
232003	0	0	1
232010	0	0	0
232011	0	0	0
232012	0	0	0
232013	0	0	0
232020	0	1	1
232021	0	0	1
232022	0	0	1
232023	0	0	1
232030	0	0	0
232031	0	0	0
232032	0	0	0
232033	0	0	0
232100	1	1	2
232101	0	1	1
232102	0	1	1
232103	0	1	1
232110	0	1	1
232111	0	1	1
232112	0	1	1
232113	0	1	1
232120	0	1	1
232121	0	1	1
232122	0	1	1
232123	0	1	1
232130	0	1	1
232131	0	1	1
232132	0	1	1
232133	0	1	1
232200	0	1	1
232201	0	0	1
232202	0	1	1
232203	0	1	1
232210	0	0	1
232211	0	0	1
232212	0	0	1
232213	0	0	1
232220	0	1	1
232221	0	1	1
232222	0	1	1
232223	0	1	1
232230	0	0	1
232231	0	0	0
232232	0	0	0
232233	0	0	1
232300	0	1	1
232301	0	0	1
232302	0	1	1
232303	0	0	1
232310	0	0	0
232311	0	0	0
232312	0	0	0
232313	0	0	0
232320	0	0	1
232321	0	0	0
232322	0	0	1
232323	0	0	0
232330	0	0	0
232331	0	0	0
232332	0	0	0
232333	0	0	0
233000	1	2	3
233001	1	2	3
233002	1	2	3
233003	1	2	3
233010	1	2	2
233011	1	2	2
233012	1	2	2
233013	1	2	2
233020	1	2	3
233021	1	2	3
233022	1	2	3
233023	1	2	3
233030	1	2	2
233031	1	2	2
233032	1	2	2
233033	1	2	3
233100	1	2	3
233101	1	2	3
233102	1	2	3
233103	1	2	3
233110	1	2	3
233111	1	2	3
233112	1	2	3
233113	1	2	3
233120	1	2	3
233121	1	2	3
233122	1	2	3
233123	1	2	3
233130	1	2	3
233131	1	2	3
233132	1	2	3
233133	1	2	3
233200	1	2	3
233201	1	2	2
233202	1	2	3
233203	1	2	2
233210	1	2	2
233211	1	2	2
233212	1	2	2
233213	1	2	2
233220	1	2	3
233221	1	2	2
233222	1	2	3
233223	1	2	3
233230	1	2	2
233231	1	2	2
233232	1	2	2
233233	1	2	3
233300	1	2	2
233301	1	1	2
233302	1	2	2
233303	1	2	2
233310	1	1	2
233311	1	1	2
233312	1	1	2
233313	1	1	2
233320	1	2	2
233321	1	1	2
233322	1	1	2
233323	1	1	2
233330	1	1	2
233331	0	1	1
233332	1	1	2
233333	0	1	1
300000	0	1	1
300001	0	1	1
300002	0	1	1
300003	0	1	1
300010	0	0	0
300011	0	0	0
300012	0	0	0
300013	0	0	0
300020	0	1	1
300021	0	1	1
300022	0	1	1
300023	0	1	1
300030	0	0	0
300031	0	0	0
300032	0	0	0
300033	0	0	0
300100	1	1	2
300101	0	1	1
300102	0	1	1
300103	0	1	1
300110	0	1	1
300111	0	1	1
300112	0	1	1
300113	0	1	1
300120	0	1	1
300121	0	1	1
300122	0	1	1
300123	0	1	1
300130	0	1	1
300131	0	1	1
300132	0	1	1
300133	0	1	1
300200	0	1	1
300201	0	0	1
300202	0	1	1
300203	0	0	1
300210	0	0	1
300211	0	0	0
300212	0	0	0
300213	0	0	0
300220	0	1	1
300221	0	0	1
300222	0	1	1
300223	0	1	1
300230	0	0	0
300231	0	0	0
300232	0	0	0
300233	0	0	0
300300	0	1	1
300301	0	0	1
300302	0	0	1
300303	0	0	1
300310	0	0	0
300311	0	0	0
300312	0	0	0
300313	0	0	0
300320	0	0	1
300321	0	0	0
300322	0	0	1
300323	0	0	0
300330	0	0	0
300331	0	0	0
300332	0	0	0
300333	0	0	0
301000	1	2	3
301001	1	2	3
301002	1	2	3
301003	1	2	3
301010	1	2	2
301011	1	1	2
301012	1	2	2
301013	1	2	2
301020	1	2	3
301021	1	2	3
301022	1	2	3
301023	1	2	3
301030	1	1	2
301031	1	1	2
301032	1	1	2
301033	1	1	2
301100	1	2	3
301101	1	2	3
301102	1	2	3
301103	1	2	3
301110	1	2	3
301111	1	2	2
301112	1	2	3
301113	1	2	3
301120	1	2	3
301121	1	2	3
301122	1	2	3
301123	1	2	3
301130	1	2	3
301131	1	2	2
301132	1	2	2
301133	1	2	2
301200	1	2	3
301201	1	1	2
301202	1	2	2
301203	1	2	2
301210	1	1	2
301211	1	1	2
301212	1	1	2
301213	1	1	2
301220	1	2	3
301221	1	2	2
301222	1	2	2
301223	1	2	2
301230	1	1	2
301231	1	1	2
301232	1	1	2
301233	1	1	2
301300	1	2	2
301301	1	1	2
301302	1	2	2
301303	1	2	2
301310	1	1	2
301311	1	1	2
301312	1	1	2
301313	1	1	2
301320	1	1	2
301321	1	1	2
301322	1	1	2
301323	1	1	2
301330	0	1	1
301331	0	1	1
301332	0	1	1
301333	0	1	1
302000	0	0	0
302001	0	0	0
302002	0	0	0
302003	0	0	0
302010	0	0	0
302011	0	0	0
302012	0	0	0
302013	0	0	0
302020	0	0	0
302021	0	0	0
302022	0	0	0
302023	0	0	0
302030	0	0	0
302031	0	0	0
302032	0	0	0
302033	0	0	0
302100	0	1	1
302101	0	1	1
302102	0	1	1
302103	0	1	1
302110	0	0	1
302111	0	0	1
302112	0	0	1
302113	0	0	1
302120	0	1	1
302121	0	0	1
302122	0	0	1
302123	0	0	1
302130	0	0	1
302131	0	0	0
302132	0	0	1
302133	0	0	0
302200	0	0	0
302201	0	0	0
302202	0	0	0
302203	0	0	0
302210	0	0	0
302211	0	0	0
302212	0	0	0
302213	0	0	0
302220	0	0	0
302221	0	0	0
302222	0	0	0
302223	0	0	0
302230	0	0	0
302231	0	0	0
302232	0	0	0
302233	0	0	0
302300	0	0	0
302301	0	0	0
302302	0	0	0
302303	0	0	0
302310	0	0	0
302311	0	0	0
302312	0	0	0
302313	0	0	0
302320	0	0	0
302321	0	0	0
302322	0	0	0
302323	0	0	0
302330	0	0	0
302331	0	0	0
302332	0	0	0
302333	0	0	0
303000	1	2	3
303001	1	2	3
303002	1	2	3
303003	1	2	3
303010	1	2	3
303011	1	2	3
303012	1	2	3
303013	1	2	3
303020	1	2	3
303021	1	2	3
303022	1	2	3
303023	1	2	3
303030	1	2	3
303031	1	2	3
303032	1	2	3
303033	1	2	3
303100	1	2	3
303101	1	2	3
303102	1	2	3
303103	1	2	3
303110	1	2	3
303111	1	2	3
303112	1	2	3
303113	1	2	3
303120	1	2	3
303121	1	2	3
303122	1	2	3
303123	1	2	3
303130	1	2	3
303131	1	2	3
303132	1	2	3
303133	1	2	3
303200	1	2	3
303201	1	2	3
303202	1	2	3
303203	1	2	3
303210	1	2	3
303211	1	2	3
303212	1	2	3
303213	1	2	3
303220	1	2	3
303221	1	2	3
303222	1	2	3
303223	1	2	3
303230	1	2	3
303231	1	2	3
303232	1	2	3
303233	1	2	3
303300	1	2	3
303301	1	2	3
303302	1	2	3
303303	1	2	3
303310	1	2	3
303311	1	2	2
303312	1	2	2
303313	1	2	2
303320	1	2	3
303321	1	2	2
303322	1	2	3
303323	1	2	3
303330	1	1	2
303331	1	1	2
303332	1	1	2
303333	1	1	2
310000	1	1	2
310001	0	1	1
310002	1	1	2
310003	0	1	1
310010	0	0	1
310011	0	0	1
310012	0	0	1
310013	0	0	1
310020	0	1	1
310021	0	1	1
310022	0	1	1
310023	0	1	1
310030	0	0	1
310031	0	0	0
310032	0	0	1
310033	0	0	0
310100	1	1	2
310101	1	1	2
310102	1	1	2
310103	1	1	2
310110	1	1	2
310111	0	1	1
310112	1	1	2
310113	0	1	1
310120	1	1	2
310121	0	1	1
310122	1	1	2
310123	1	1	2
310130	0	1	1
310131	0	1	1
310132	0	1	1
310133	0	1	1
310200	0	1	1
310201	0	0	1
310202	0	1	1
310203	0	1	1
310210	0	0	1
310211	0	0	1
310212	0	0	1
310213	0	0	1
310220	0	1	1
310221	0	0	1
310222	0	1	1
310223	0	1	1
310230	0	0	0
310231	0	0	0
310232	0	0	0
310233	0	0	0
310300	0	1	1
310301	0	1	1
310302	0	1	1
310303	0	1	1
310310	0	0	1
310311	0	0	0
310312	0	0	1
310313	0	0	1
310320	0	1	1
310321	0	0	1
310322	0	1	1
310323	0	0	1
310330	0	0	0
310331	0	0	0
310332	0	0	0
310333	0	0	0
311000	1	2	3
311001	1	2	2
311002	1	2	3
311003	1	2	3
311010	1	1	2
311011	1	1	2
311012	1	1	2
311013	1	1	2
311020	1	2	2
311021	1	2	2
311022	1	2	2
311023	1	2	2
311030	1	1	2
311031	1	1	2
311032	1	1	2
311033	1	1	2
311100	1	2	3
311101	1	2	2
311102	1	2	3
311103	1	2	2
311110	1	2	2
311111	1	1	2
311112	1	2	2
311113	1	2	2
311120	1	2	3
311121	1	2	2
311122	1	2	2
311123	1	2	2
311130	1	1	2
311131	1	1	2
311132	1	1	2
311133	1	1	2
311200	1	1	2
311201	1	1	2
311202	1	1	2
311203	1	1	2
311210	1	1	2
311211	1	1	2
311212	1	1	2
311213	1	1	2
311220	1	1	2
311221	1	1	2
311222	1	1	2
311223	1	1	2
311230	1	1	2
311231	0	1	1
311232	1	1	2
311233	1	1	2
311300	1	1	2
311301	1	1	2
311302	1	1	2
311303	1	1	2
311310	0	1	1
311311	0	1	1
311312	0	1	1
311313	0	1	1
311320	1	1	2
311321	1	1	2
311322	1	1	2
311323	1	1	2
311330	0	1	1
311331	0	0	1
311332	0	1	1
311333	0	1	1
312000	0	1	1
312001	0	0	1
312002	0	0	1
312003	0	0	1
312010	0	0	0
312011	0	0	0
312012	0	0	0
312013	0	0	0
312020	0	0	1
312021	0	0	1
312022	0	0	1
312023	0	0	1
312030	0	0	0
312031	0	0	0
312032	0	0	0
312033	0	0	0
312100	0	1	1
312101	0	1	1
312102	0	1	1
312103	0	1	1
312110	0	1	1
312111	0	1	1
312112	0	1	1
312113	0	1	1
312120	0	1	1
312121	0	1	1
312122	0	1	1
312123	0	1	1
312130	0	0	1
312131	0	0	1
312132	0	0	1
312133	0	0	1
312200	0	1	1
312201	0	0	0
312202	0	0	1
312203	0	0	0
312210	0	0	0
312211	0	0	0
312212	0	0	0
312213	0	0	0
312220	0	1	1
312221	0	0	1
312222	0	0	1
312223	0	0	1
312230	0	0	0
312231	0	0	0
312232	0	0	0
312233	0	0	0
312300	0	0	1
312301	0	0	0
312302	0	0	0
312303	0	0	0
312310	0	0	0
312311	0	0	0
312312	0	0	0
312313	0	0	0
312320	0	0	0
312321	0	0	0
312322	0	0	0
312323	0	0	0
312330	0	0	0
312331	0	0	0
312332	0	0	0
312333	0	0	0
313000	1	2	3
313001	1	2	3
313002	1	2	3
313003	1	2	3
313010	1	2	3
313011	1	2	3
313012	1	2	3
313013	1	2	3
313020	1	2	3
313021	1	2	3
313022	1	2	3
313023	1	2	3
313030	1	2	3
313031	1	2	3
313032	1	2	3
313033	1	2	3
313100	1	2	3
313101	1	2	3
313102	1	2	3
313103	1	2	3
313110	1	2	3
313111	1	2	3
313112	1	2	3
313113	1	2	3
313120	1	2	3
313121	1	2	3
313122	1	2	3
313123	1	2	3
313130	1	2	3
313131	1	2	3
313132	1	2	3
313133	1	2	3
313200	1	2	3
313201	1	2	3
313202	1	2	3
313203	1	2	3
313210	1	2	3
313211	1	2	3
313212	1	2	3
313213	1	2	3
313220	1	2	3
313221	1	2	3
313222	1	2	3
313223	1	2	3
313230	1	2	3
313231	1	2	3
313232	1	2	3
313233	1	2	3
313300	1	2	3
313301	1	2	2
313302	1	2	3
313303	1	2	3
313310	1	2	2
313311	1	1	2
313312	1	2	2
313313	1	2	2
313320	1	2	3
313321	1	2	2
313322	1	2	3
313323	1	2	2
313330	1	1	2
313331	1	1	2
313332	1	1	2
313333	1	1	2
320000	0	0	0
320001	0	0	0
320002	0	0	0
320003	0	0	0
320010	0	0	0
320011	0	0	0
320012	0	0	0
320013	0	0	0
320020	0	0	0
320021	0	0	0
320022	0	0	0
320023	0	0	0
320030	0	0	0
320031	0	0	0
320032	0	0	0
320033	0	0	0
320100	0	1	1
320101	0	0	1
320102	0	0	1
320103	0	0	1
320110	0	0	1
320111	0	0	0
320112	0	0	1
320113	0	0	0
320120	0	0	1
320121	0	0	1
320122	0	0	1
320123	0	0	1
320130	0	0	0
320131	0	0	0
320132	0	0	0
320133	0	0	0
320200	0	0	0
320201	0	0	0
320202	0	0	0
320203	0	0	0
320210	0	0	0
320211	0	0	0
320212	0	0	0
320213	0	0	0
320220	0	0	0
320221	0	0	0
320222	0	0	0
320223	0	0	0
320230	0	0	0
320231	0	0	0
320232	0	0	0
320233	0	0	0
320300	0	0	0
320301	0	0	0
320302	0	0	0
320303	0	0	0
320310	0	0	0
320311	0	0	0
320312	0	0	0
320313	0	0	0
320320	0	0	0
320321	0	0	0
320322	0	0	0
320323	0	0	0
320330	0	0	0
320331	0	0	0
320332	0	0	0
320333	0	0	0
321000	1	2	3
321001	1	2	3
321002	1	2	3
321003	1	2	3
321010	1	1	2
321011	1	1	2
321012	1	1	2
321013	1	1	2
321020	1	2	2
321021	1	2	2
321022	1	2	2
321023	1	2	2
321030	1	1	2
321031	1	1	2
321032	1	1	2
321033	1	1	2
321100	1	2	3
321101	1	2	3
321102	1	2	3
321103	1	2	3
321110	1	2	2
321111	1	2	2
321112	1	2	2
321113	1	2	2
321120	1	2	3
321121	1	2	2
321122	1	2	3
321123	1	2	3
321130	1	2	2
321131	1	1	2
321132	1	2	2
321133	1	2	2
321200	1	2	2
321201	1	1	2
321202	1	2	2
321203	1	1	2
321210	1	1	2
321211	1	1	2
321212	1	1	2
321213	1	1	2
321220	1	2	2
321221	1	1	2
321222	1	2	2
321223	1	1	2
321230	1	1	2
321231	1	1	2
321232	1	1	2
321233	1	1	2
321300	1	2	2
321301	1	1	2
321302	1	1	2
321303	1	1	2
321310	0	1	1
321311	0	1	1
321312	0	1	1
321313	0	1	1
321320	1	1	2
321321	1	1	2
321322	1	1	2
321323	1	1	2
321330	0	1	1
321331	0	0	1
321332	0	1	1
321333	0	1	1
322000	0	0	0
322001	0	0	0
322002	0	0	0
322003	0	0	0
322010	0	0	0
322011	0	0	0
322012	0	0	0
322013	0	0	0
322020	0	0	0
322021	0	0	0
322022	0	0	0
322023	0	0	0
322030	0	0	0
322031	0	0	0
322032	0	0	0
322033	0	0	0
322100	0	1	1
322101	0	0	1
322102	0	0	1
322103	0	0	1
322110	0	0	0
322111	0	0	0
322112	0	0	0
322113	0	0	0
322120	0	0	1
322121	0	0	0
322122	0	0	1
322123	0	0	1
322130	0	0	0
322131	0	0	0
322132	0	0	0
322133	0	0	0
322200	0	0	0
322201	0	0	0
322202	0	0	0
322203	0	0	0
322210	0	0	0
322211	0	0	0
322212	0	0	0
322213	0	0	0
322220	0	0	0
322221	0	0	0
322222	0	0	0
322223	0	0	0
322230	0	0	0
322231	0	0	0
322232	0	0	0
322233	0	0	0
322300	0	0	0
322301	0	0	0
322302	0	0	0
322303	0	0	0
322310	0	0	0
322311	0	0	0
322312	0	0	0
322313	0	0	0
322320	0	0	0
322321	0	0	0
322322	0	0	0
322323	0	0	0
322330	0	0	0
322331	0	0	0
322332	0	0	0
322333	0	0	0
323000	1	2	3
323001	1	2	3
323002	1	2	3
323003	1	2	3
323010	1	2	2
323011	1	2	2
323012	1	2	2
323013	1	2	2
323020	1	2	3
323021	1	2	3
323022	1	2	3
323023	1	2	3
323030	1	2	2
323031	1	2	2
323032	1	2	2
323033	1	2	3
323100	1	2	3
323101	1	2	3
323102	1	2	3
323103	1	2	3
323110	1	2	3
323111	1	2	3
323112	1	2	3
323113	1	2	3
323120	1	2	3
323121	1	2	3
323122	1	2	3
323123	1	2	3
323130	1	2	3
323131	1	2	3
323132	1	2	3
323133	1	2	3
323200	1	2	3
323201	1	2	2
323202	1	2	3
323203	1	2	3
323210	1	2	3
323211	1	2	2
323212	1	2	3
323213	1	2	3
323220	1	2	3
323221	1	2	3
323222	1	2	3
323223	1	2	3
323230	1	2	3
323231	1	2	3
323232	1	2	3
323233	1	2	3
323300	1	2	3
323301	1	2	2
323302	1	2	3
323303	1	2	2
323310	1	1	2
323311	1	1	2
323312	1	1	2
323313	1	1	2
323320	1	2	2
323321	1	1	2
323322	1	2	2
323323	1	1	2
323330	1	1	2
323331	0	1	1
323332	1	1	2
323333	1	1	2
330000	1	1	2
330001	0	1	1
330002	1	1	2
330003	1	1	2
330010	0	0	1
330011	0	0	1
330012	0	0	1
330013	0	0	1
330020	1	1	2
330021	0	1	1
330022	0	1	1
330023	0	1	1
330030	0	0	1
330031	0	0	1
330032	0	0	1
330033	0	0	1
330100	1	1	2
330101	1	1	2
330102	1	1	2
330103	1	1	2
330110	1	1	2
330111	0	1	1
330112	1	1	2
330113	1	1	2
330120	1	1	2
330121	1	1	2
330122	1	1	2
330123	1	1	2
330130	0	1	1
330131	0	1	1
330132	0	1	1
330133	0	1	1
330200	0	1	1
330201	0	1	1
330202	0	1	1
330203	0	1	1
330210	0	1	1
330211	0	1	1
330212	0	1	1
330213	0	1	1
330220	0	1	1
330221	0	1	1
330222	0	1	1
330223	0	1	1
330230	0	1	1
330231	0	0	1
330232	0	0	1
330233	0	0	1
330300	0	1	1
330301	0	1	1
330302	0	1	1
330303	0	1	1
330310	0	1	1
330311	0	0	1
330312	0	1	1
330313	0	1	1
330320	0	1	1
330321	0	1	1
330322	0	1	1
330323	0	1	1
330330	0	0	0
330331	0	0	0
330332	0	0	0
330333	0	0	0
331000	1	2	3
331001	1	2	2
331002	1	2	3
331003	1	2	3
331010	1	1	2
331011	1	1	2
331012	1	1	2
331013	1	1	2
331020	1	2	2
331021	1	2	2
331022	1	2	2
331023	1	2	2
331030	1	1	2
331031	1	1	2
331032	1	1	2
331033	1	1	2
331100	1	2	3
331101	1	2	2
331102	1	2	3
331103	1	2	2
331110	1	2	2
331111	1	1	2
331112	1	2	2
331113	1	1	2
331120	1	2	2
331121	1	2	2
331122	1	2	2
331123	1	2	2
331130	1	1	2
331131	1	1	2
331132	1	1	2
331133	1	1	2
331200	1	2	2
331201	1	1	2
331202	1	2	2
331203	1	1	2
331210	1	1	2
331211	1	1	2
331212	1	1	2
331213	1	1	2
331220	1	2	2
331221	1	1	2
331222	1	2	2
331223	1	1	2
331230	1	1	2
331231	1	1	2
331232	1	1	2
331233	1	1	2
331300	1	1	2
331301	1	1	2
331302	1	1	2
331303	1	1	2
331310	1	1	2
331311	0	1	1
331312	1	1	2
331313	1	1	2
331320	1	1	2
331321	1	1	2
331322	1	1	2
331323	1	1	2
331330	0	1	1
331331	0	0	1
331332	0	1	1
331333	0	1	1
332000	0	1	1
332001	0	0	1
332002	0	1	1
332003	0	0	1
332010	0	0	0
332011	0	0	0
332012	0	0	0
332013	0	0	0
332020	0	1	1
332021	0	0	1
332022	0	0	1
332023	0	0	1
332030	0	0	0
332031	0	0	0
332032	0	0	0
332033	0	0	0
332100	1	1	2
332101	0	1	1
332102	0	1	1
332103	0	1	1
332110	0	1	1
332111	0	1	1
332112	0	1	1
332113	0	1	1
332120	0	1	1
332121	0	1	1
332122	0	1	1
332123	0	1	1
332130	0	1	1
332131	0	1	1
332132	0	1	1
332133	0	1	1
332200	0	1	1
332201	0	0	1
332202	0	1	1
332203	0	1	1
332210	0	0	1
332211	0	0	1
332212	0	0	1
332213	0	0	1
332220	0	1	1
332221	0	1	1
332222	0	1	1
332223	0	1	1
332230	0	0	1
332231	0	0	0
332232	0	0	0
332233	0	0	0
332300	0	1	1
332301	0	0	1
332302	0	1	1
332303	0	0	1
332310	0	0	0
332311	0	0	0
332312	0	0	0
332313	0	0	0
332320	0	0	1
332321	0	0	0
332322	0	0	1
332323	0	0	0
332330	0	0	0
332331	0	0	0
332332	0	0	0
332333	0	0	0
333000	1	2	3
333001	1	2	3
333002	1	2	3
333003	1	2	3
333010	1	2	2
333011	1	2	2
333012	1	2	2
333013	1	2	2
333020	1	2	3
333021	1	2	3
333022	1	2	3
333023	1	2	3
333030	1	2	2
333031	1	2	2
333032	1	2	2
333033	1	2	3
333100	1	2	3
333101	1	2	3
333102	1	2	3
333103	1	2	3
333110	1	2	3
333111	1	2	3
333112	1	2	3
333113	1	2	3
333120	1	2	3
333121	1	2	3
333122	1	2	3
333123	1	2	3
333130	1	2	3
333131	1	2	3
333132	1	2	3
333133	1	2	3
333200	1	2	3
333201	1	2	2
333202	1	2	2
333203	1	2	2
333210	1	2	2
333211	1	2	2
333212	1	2	2
333213	1	2	2
333220	1	2	3
333221	1	2	2
333222	1	2	2
333223	1	2	3
333230	1	2	2
333231	1	2	2
333232	1	2	2
333233	1	2	3
333300	1	2	2
333301	1	1	2
333302	1	2	2
333303	1	2	2
333310	1	1	2
333311	1	1	2
333312	1	1	2
333313	1	1	2
333320	1	2	2
333321	1	1	2
333322	1	1	2
333323	1	1	2
333330	1	1	2
333331	0	1	1
333332	0	1	1
333333	0	1	1
